  -4.9000000e+01   1.6911765e+01
  -4.8000000e+01   1.8382353e+01
  -4.7000000e+01   1.4180672e+01
  -4.6000000e+01   1.1869748e+01
  -4.5000000e+01   7.2478992e+00
  -4.4000000e+01   4.7268908e+00
  -4.3000000e+01   3.4663866e+00
  -4.2000000e+01   1.3655462e+00
  -4.1000000e+01   1.3655462e+00
  -4.0000000e+01   3.6764706e+00
  -3.9000000e+01   4.5168067e+00
  -3.8000000e+01   5.1470588e+00
  -3.7000000e+01   6.1974790e+00
  -3.6000000e+01   9.1386555e+00
  -3.5000000e+01   1.2079832e+01
  -3.4000000e+01   2.1953782e+01
  -3.3000000e+01   1.9432773e+01
  -3.2000000e+01   2.2584034e+01
  -3.1000000e+01   2.9936975e+01
  -3.0000000e+01   2.9516807e+01
  -2.9000000e+01   2.9936975e+01
  -2.8000000e+01   3.0777311e+01
  -2.7000000e+01   3.2247899e+01
  -2.6000000e+01   3.2037815e+01
